- - - -
3 20 21 22
22 37 38 39
39 58 59 60
60 80 81 82
82 99 100 101
101 115 116 117
117 134 135 136
136 148 149 150
150 155 156 157
157 177 178 179
179 191 192 193
193 210 211 212
212 232 233 234
234 239 240 241
241 254 255 256
256 268 269 270
270 282 283 284
284 296 297 298
298 318 319 320
320 328 329 330
330 344 345 346
346 356 357 358
358 366 367 368
368 381 382 383
383 395 396 397
397 405 406 407
407 420 421 422
422 442 443 444
444 452 453 454
454 472 473 474
474 494 495 496
496 511 512 513
513 532 533 534
534 542 543 544
544 556 557 558
558 568 569 570
570 582 583 584
584 589 590 591
591 605 606 607
607 617 618 619
619 624 625 626
626 640 641 642
642 664 665 666
666 678 679 680
680 699 700 701
701 711 712 713
713 723 724 725
725 733 734 735
735 747 748 749
749 769 770 771
771 783 784 785
785 803 804 805
805 817 818 819
819 833 834 835
835 847 848 849
