294 33.908
295 33.857
296 33.805
297 33.753
298 33.702
299 33.65
300 33.598
301 33.553
302 33.517
303 33.482
304 33.447
305 33.412
306 33.377
307 33.341
308 33.306
309 33.237
310 33.165
311 33.093
312 33.022
313 32.95
314 32.878
315 32.813
316 32.748
317 32.684
318 32.619
319 32.555
320 32.49
321 32.429
322 32.391
323 32.352
324 32.313
325 32.274
326 32.236
327 32.197
328 32.15
329 32.09
330 32.031
331 31.971
332 31.912
333 31.852
334 31.792
335 31.733
336 31.673
337 31.629
338 31.594
339 31.559
340 31.524
341 31.489
342 31.454
343 31.418
344 31.376
345 31.312
346 31.247
347 31.183
348 31.118
349 31.054
350 30.989
351 30.925
352 30.862
353 30.813
354 30.763
355 30.713
356 30.664
357 30.614
358 30.564
359 30.515
360 30.465
361 30.411
362 30.351
363 30.29
364 30.229
365 30.168
366 30.108
367 30.047
368 29.986
369 29.925
370 29.865
371 29.804
372 29.743
373 29.67
374 29.597
375 29.523
376 29.449
377 29.375
378 29.302
379 29.228
380 29.154
381 29.08
382 29.015
383 28.957
384 28.9
385 28.843
386 28.785
387 28.728
388 28.671
389 28.613
390 28.556
391 28.499
392 28.441
393 28.384
394 28.315
395 28.225
396 28.136
397 28.047
398 27.957
399 27.868
400 27.779
401 27.689
402 27.6
403 27.533
404 27.48
405 27.426
406 27.373
407 27.32
408 27.267
409 27.214
410 27.161
411 27.108
412 27.054
413 27.001
414 26.945
415 26.871
416 26.798
417 26.724
418 26.65
419 26.576
420 26.503
421 26.429
422 26.355
423 26.281
