252 33.688
253 33.594
254 33.5
255 33.406
256 33.313
257 33.219
258 33.125
259 33.039
260 33.002
261 32.965
262 32.928
263 32.891
264 32.854
265 32.817
266 32.78
267 32.744
268 32.707
269 32.667
270 32.627
271 32.587
272 32.546
273 32.506
274 32.466
275 32.425
276 32.385
277 32.345
278 32.304
279 32.264
280 32.202
281 32.137
282 32.073
283 32.008
284 31.943
285 31.879
286 31.814
287 31.75
288 31.685
289 31.621
290 31.556
291 31.492
292 31.427
293 31.363
294 31.298
295 31.234
296 31.169
297 31.105
298 31.04
299 30.98
300 30.92
301 30.86
302 30.799
303 30.739
304 30.679
305 30.619
306 30.559
307 30.498
308 30.438
309 30.374
310 30.309
311 30.245
312 30.18
313 30.116
314 30.026
315 29.915
316 29.804
317 29.694
318 29.583
319 29.545
320 29.521
321 29.497
322 29.472
323 29.448
324 29.424
325 29.4
326 29.376
327 29.351
328 29.327
329 29.298
330 29.195
331 29.092
332 28.989
333 28.886
334 28.782
335 28.679
336 28.576
337 28.473
338 28.369
339 28.266
340 28.175
341 28.085
342 27.994
343 27.904
344 27.814
345 27.723
346 27.638
347 27.572
348 27.506
349 27.44
350 27.374
351 27.308
352 27.242
353 27.176
354 27.11
355 27.044
356 26.978
357 26.912
358 26.846
359 26.78
360 26.714
361 26.648
362 26.582
363 26.516
364 26.45
365 26.384
366 26.318
367 26.252
368 26.186
369 26.12
370 26.054
371 25.988
372 25.922
373 25.856
374 25.789
375 25.719
376 25.634
377 25.549
378 25.465
379 25.38
380 25.295
381 25.21
382 25.125
383 25.041
384 24.956
385 24.871
386 24.786
387 24.701
388 24.617
389 24.532
390 24.447
391 24.362
392 24.277
393 24.193
394 24.108
395 24.023
396 23.938
397 23.853
398 23.768
399 23.68
400 23.589
401 23.498
402 23.408
403 23.317
404 23.226
405 23.136
406 23.045
407 22.954
408 22.864
409 22.773
410 22.682
411 22.592
412 22.501
413 22.41
414 22.32
415 22.229
416 22.138
417 22.048
418 21.957
419 21.866
420 21.775
421 21.685
422 21.594
423 21.503
424 21.4
425 21.292
426 21.184
427 21.076
428 20.968
429 20.859
430 20.751
431 20.643
432 20.535
433 20.427
434 20.319
435 20.211
436 20.103
437 19.994
438 19.886
439 19.778
440 19.67
441 19.562
442 19.454
443 19.346
444 19.238
445 19.13
446 19.021
447 18.913
448 18.805
