250 39.209
251 39.194
252 39.178
253 39.163
254 39.148
255 39.133
256 39.118
257 39.103
258 39.087
259 39.072
260 39.057
261 39.038
262 38.993
263 38.948
264 38.903
265 38.858
266 38.813
267 38.767
268 38.722
269 38.677
270 38.632
271 38.587
272 38.542
273 38.496
274 38.451
275 38.419
276 38.395
277 38.371
278 38.347
279 38.323
280 38.298
281 38.274
282 38.25
283 38.226
284 38.202
285 38.177
286 38.122
287 38.061
288 38.001
289 37.94
290 37.879
291 37.818
292 37.758
293 37.697
294 37.636
295 37.575
296 37.515
297 37.458
298 37.406
299 37.354
300 37.303
301 37.251
302 37.2
303 37.148
304 37.096
305 37.045
306 36.993
307 36.939
308 36.881
309 36.822
310 36.763
311 36.705
312 36.646
313 36.587
314 36.529
315 36.465
316 36.4
317 36.336
318 36.271
319 36.207
320 36.142
321 36.078
322 36.013
323 35.949
324 35.897
325 35.862
326 35.827
327 35.792
328 35.757
329 35.721
330 35.686
331 35.651
332 35.605
333 35.559
334 35.514
335 35.468
336 35.423
337 35.377
338 35.332
339 35.286
340 35.241
341 35.195
342 35.15
343 35.107
344 35.067
345 35.026
346 34.986
347 34.946
348 34.905
349 34.865
350 34.825
351 34.784
352 34.744
353 34.704
354 34.615
355 34.513
356 34.412
357 34.31
358 34.209
359 34.108
360 34.006
361 33.905
362 33.803
363 33.708
364 33.622
365 33.536
366 33.45
367 33.364
368 33.277
369 33.191
370 33.105
371 33.017
372 32.923
373 32.829
374 32.736
375 32.642
376 32.548
377 32.454
378 32.36
379 32.278
380 32.197
381 32.116
382 32.036
383 31.955
384 31.868
385 31.773
386 31.679
387 31.584
388 31.489
389 31.395
390 31.3
391 31.205
392 31.111
393 31.016
394 30.927
395 30.848
396 30.768
397 30.689
398 30.609
399 30.53
400 30.451
401 30.371
402 30.292
403 30.175
404 30.036
405 29.896
406 29.756
407 29.616
408 29.476
409 29.337
410 29.197
411 29.063
412 28.934
413 28.805
414 28.675
415 28.546
416 28.417
417 28.288
418 28.176
419 28.069
420 27.961
421 27.854
422 27.746
423 27.639
424 27.531
425 27.423
