 2  8.31 0.42
 3  9.27 0.42
 4 10.04 0.42
 5 10.00 0.42
 6  9.30 0.42
 7  8.93 0.42
 8  4.15 0.42
 9  8.63 0.42
11  7.26 0.42
12  9.67 0.42
13  9.91 0.42
14  9.62 0.42
15  9.95 0.42
16  9.77 0.42
17  9.82 0.42
18  9.56 0.42
20  7.62 0.42
21  5.52 0.42
22  7.57 0.42
23  3.94 0.42
25  5.50 0.42
26  5.72 0.42
27  4.28 0.42
28  4.57 0.42
29  5.55 0.42
30  5.77 0.42
32  3.82 0.42
33  7.13 0.42
34  9.54 0.42
36  7.98 0.42
39  5.15 0.42
40  9.45 0.42
41  8.41 0.42
42  9.81 0.42
43  9.66 0.42
44 10.27 0.42
45  8.73 0.42
46  6.47 0.42
48  9.41 0.42
49  6.97 0.42
50  7.11 0.42
51  8.06 0.42
52  2.48 0.42
54  9.59 0.42
55  9.20 0.42
56  3.70 0.42
57  3.70 0.42
58  4.14 0.42
59  9.45 0.42
60  7.26 0.42
61  7.34 0.42
62  9.01 0.42
63  2.36 0.42
64  7.19 0.42
65  5.63 0.42
66  9.82 0.42
67  9.88 0.42
68  9.70 0.42
69  9.59 0.42
70  9.88 0.42
71  8.30 0.42
73  7.52 0.42
74  6.67 0.42
